name,vote,parent_title,grandparent_title,date,chamber,debate_type,debate_id,subdebate_id,division_id
"Abbott, A. J.",aye,Motion of Censure,PRIME MINISTER,2000-02-15,REPS,Censure Motion,3,1,0
"Anderson, J. D.",aye,Motion of Censure,PRIME MINISTER,2000-02-15,REPS,Censure Motion,3,1,0
"Andrews, K. J.",aye,Motion of Censure,PRIME MINISTER,2000-02-15,REPS,Censure Motion,3,1,0
"Anthony, L. J.",aye,Motion of Censure,PRIME MINISTER,2000-02-15,REPS,Censure Motion,3,1,0
"Bailey, F. E.",aye,Motion of Censure,PRIME MINISTER,2000-02-15,REPS,Censure Motion,3,1,0
"Baird, B. G.",aye,Motion of Censure,PRIME MINISTER,2000-02-15,REPS,Censure Motion,3,1,0
"Barresi, P. A.",aye,Motion of Censure,PRIME MINISTER,2000-02-15,REPS,Censure Motion,3,1,0
"Bartlett, K. J.",aye,Motion of Censure,PRIME MINISTER,2000-02-15,REPS,Censure Motion,3,1,0
"Billson, B. F.",aye,Motion of Censure,PRIME MINISTER,2000-02-15,REPS,Censure Motion,3,1,0
"Bishop, B. K.",aye,Motion of Censure,PRIME MINISTER,2000-02-15,REPS,Censure Motion,3,1,0
"Bishop, J. I.",aye,Motion of Censure,PRIME MINISTER,2000-02-15,REPS,Censure Motion,3,1,0
"Brough, M. T.",aye,Motion of Censure,PRIME MINISTER,2000-02-15,REPS,Censure Motion,3,1,0
"Cadman, A. G.",aye,Motion of Censure,PRIME MINISTER,2000-02-15,REPS,Censure Motion,3,1,0
"Cameron, R. A.",aye,Motion of Censure,PRIME MINISTER,2000-02-15,REPS,Censure Motion,3,1,0
"Causley, I. R.",aye,Motion of Censure,PRIME MINISTER,2000-02-15,REPS,Censure Motion,3,1,0
"Charles, R. E.",aye,Motion of Censure,PRIME MINISTER,2000-02-15,REPS,Censure Motion,3,1,0
"Costello, P. H.",aye,Motion of Censure,PRIME MINISTER,2000-02-15,REPS,Censure Motion,3,1,0
"Downer, A. J. G.",aye,Motion of Censure,PRIME MINISTER,2000-02-15,REPS,Censure Motion,3,1,0
"Draper, P.",aye,Motion of Censure,PRIME MINISTER,2000-02-15,REPS,Censure Motion,3,1,0
"Elson, K. S.",aye,Motion of Censure,PRIME MINISTER,2000-02-15,REPS,Censure Motion,3,1,0
"Entsch, W. G.",aye,Motion of Censure,PRIME MINISTER,2000-02-15,REPS,Censure Motion,3,1,0
"Fahey, J. J.",aye,Motion of Censure,PRIME MINISTER,2000-02-15,REPS,Censure Motion,3,1,0
"Fischer, T. A.",aye,Motion of Censure,PRIME MINISTER,2000-02-15,REPS,Censure Motion,3,1,0
"Forrest, J. A *",aye,Motion of Censure,PRIME MINISTER,2000-02-15,REPS,Censure Motion,3,1,0
"Gallus, C. A.",aye,Motion of Censure,PRIME MINISTER,2000-02-15,REPS,Censure Motion,3,1,0
"Gambaro, T.",aye,Motion of Censure,PRIME MINISTER,2000-02-15,REPS,Censure Motion,3,1,0
"Gash, J.",aye,Motion of Censure,PRIME MINISTER,2000-02-15,REPS,Censure Motion,3,1,0
"Georgiou, P.",aye,Motion of Censure,PRIME MINISTER,2000-02-15,REPS,Censure Motion,3,1,0
"Haase, B. W.",aye,Motion of Censure,PRIME MINISTER,2000-02-15,REPS,Censure Motion,3,1,0
"Hardgrave, G. D.",aye,Motion of Censure,PRIME MINISTER,2000-02-15,REPS,Censure Motion,3,1,0
"Hawker, D. P. M.",aye,Motion of Censure,PRIME MINISTER,2000-02-15,REPS,Censure Motion,3,1,0
"Hockey, J. B.",aye,Motion of Censure,PRIME MINISTER,2000-02-15,REPS,Censure Motion,3,1,0
"Howard, J. W.",aye,Motion of Censure,PRIME MINISTER,2000-02-15,REPS,Censure Motion,3,1,0
"Hull, K. E.",aye,Motion of Censure,PRIME MINISTER,2000-02-15,REPS,Censure Motion,3,1,0
"Jull, D. F.",aye,Motion of Censure,PRIME MINISTER,2000-02-15,REPS,Censure Motion,3,1,0
"Katter, R. C.",aye,Motion of Censure,PRIME MINISTER,2000-02-15,REPS,Censure Motion,3,1,0
"Kelly, D. M.",aye,Motion of Censure,PRIME MINISTER,2000-02-15,REPS,Censure Motion,3,1,0
"Kemp, D. A.",aye,Motion of Censure,PRIME MINISTER,2000-02-15,REPS,Censure Motion,3,1,0
"Lawler, A. J.",aye,Motion of Censure,PRIME MINISTER,2000-02-15,REPS,Censure Motion,3,1,0
"Lieberman, L. S.",aye,Motion of Censure,PRIME MINISTER,2000-02-15,REPS,Censure Motion,3,1,0
"Lindsay, P. J.",aye,Motion of Censure,PRIME MINISTER,2000-02-15,REPS,Censure Motion,3,1,0
"Lloyd, J. E.",aye,Motion of Censure,PRIME MINISTER,2000-02-15,REPS,Censure Motion,3,1,0
"Macfarlane, I. E.",aye,Motion of Censure,PRIME MINISTER,2000-02-15,REPS,Censure Motion,3,1,0
"May, M. A.",aye,Motion of Censure,PRIME MINISTER,2000-02-15,REPS,Censure Motion,3,1,0
"McArthur, S *",aye,Motion of Censure,PRIME MINISTER,2000-02-15,REPS,Censure Motion,3,1,0
"McGauran, P. J.",aye,Motion of Censure,PRIME MINISTER,2000-02-15,REPS,Censure Motion,3,1,0
"Moore, J. C.",aye,Motion of Censure,PRIME MINISTER,2000-02-15,REPS,Censure Motion,3,1,0
"Moylan, J. E.",aye,Motion of Censure,PRIME MINISTER,2000-02-15,REPS,Censure Motion,3,1,0
"Nairn, G. R.",aye,Motion of Censure,PRIME MINISTER,2000-02-15,REPS,Censure Motion,3,1,0
"Nehl, G. B.",aye,Motion of Censure,PRIME MINISTER,2000-02-15,REPS,Censure Motion,3,1,0
"Nelson, B. J.",aye,Motion of Censure,PRIME MINISTER,2000-02-15,REPS,Censure Motion,3,1,0
"Neville, P. C.",aye,Motion of Censure,PRIME MINISTER,2000-02-15,REPS,Censure Motion,3,1,0
"Nugent, P. E.",aye,Motion of Censure,PRIME MINISTER,2000-02-15,REPS,Censure Motion,3,1,0
"Prosser, G. D.",aye,Motion of Censure,PRIME MINISTER,2000-02-15,REPS,Censure Motion,3,1,0
"Pyne, C.",aye,Motion of Censure,PRIME MINISTER,2000-02-15,REPS,Censure Motion,3,1,0
"Reith, P. K.",aye,Motion of Censure,PRIME MINISTER,2000-02-15,REPS,Censure Motion,3,1,0
"Ronaldson, M. J. C.",aye,Motion of Censure,PRIME MINISTER,2000-02-15,REPS,Censure Motion,3,1,0
"Ruddock, P. M.",aye,Motion of Censure,PRIME MINISTER,2000-02-15,REPS,Censure Motion,3,1,0
"Schultz, A.",aye,Motion of Censure,PRIME MINISTER,2000-02-15,REPS,Censure Motion,3,1,0
"Scott, B. C.",aye,Motion of Censure,PRIME MINISTER,2000-02-15,REPS,Censure Motion,3,1,0
"Secker, P. D.",aye,Motion of Censure,PRIME MINISTER,2000-02-15,REPS,Censure Motion,3,1,0
"Slipper, P. N.",aye,Motion of Censure,PRIME MINISTER,2000-02-15,REPS,Censure Motion,3,1,0
"Somlyay, A. M.",aye,Motion of Censure,PRIME MINISTER,2000-02-15,REPS,Censure Motion,3,1,0
"Southcott, A. J.",aye,Motion of Censure,PRIME MINISTER,2000-02-15,REPS,Censure Motion,3,1,0
"St Clair, S. R.",aye,Motion of Censure,PRIME MINISTER,2000-02-15,REPS,Censure Motion,3,1,0
"Stone, S. N.",aye,Motion of Censure,PRIME MINISTER,2000-02-15,REPS,Censure Motion,3,1,0
"Sullivan, K. J. M.",aye,Motion of Censure,PRIME MINISTER,2000-02-15,REPS,Censure Motion,3,1,0
"Thompson, C. P.",aye,Motion of Censure,PRIME MINISTER,2000-02-15,REPS,Censure Motion,3,1,0
"Thomson, A. P.",aye,Motion of Censure,PRIME MINISTER,2000-02-15,REPS,Censure Motion,3,1,0
"Truss, W. E.",aye,Motion of Censure,PRIME MINISTER,2000-02-15,REPS,Censure Motion,3,1,0
"Tuckey, C. W.",aye,Motion of Censure,PRIME MINISTER,2000-02-15,REPS,Censure Motion,3,1,0
"Vaile, M. A. J.",aye,Motion of Censure,PRIME MINISTER,2000-02-15,REPS,Censure Motion,3,1,0
"Vale, D. S.",aye,Motion of Censure,PRIME MINISTER,2000-02-15,REPS,Censure Motion,3,1,0
"Wakelin, B. H.",aye,Motion of Censure,PRIME MINISTER,2000-02-15,REPS,Censure Motion,3,1,0
"Washer, M. J.",aye,Motion of Censure,PRIME MINISTER,2000-02-15,REPS,Censure Motion,3,1,0
"Williams, D. R.",aye,Motion of Censure,PRIME MINISTER,2000-02-15,REPS,Censure Motion,3,1,0
"Adams, D. G. H.",no,Motion of Censure,PRIME MINISTER,2000-02-15,REPS,Censure Motion,3,1,0
"Albanese, A. N.",no,Motion of Censure,PRIME MINISTER,2000-02-15,REPS,Censure Motion,3,1,0
"Beazley, K. C.",no,Motion of Censure,PRIME MINISTER,2000-02-15,REPS,Censure Motion,3,1,0
"Bevis, A. R.",no,Motion of Censure,PRIME MINISTER,2000-02-15,REPS,Censure Motion,3,1,0
"Brereton, L. J.",no,Motion of Censure,PRIME MINISTER,2000-02-15,REPS,Censure Motion,3,1,0
"Burke, A. E.",no,Motion of Censure,PRIME MINISTER,2000-02-15,REPS,Censure Motion,3,1,0
"Cox, D. A.",no,Motion of Censure,PRIME MINISTER,2000-02-15,REPS,Censure Motion,3,1,0
"Crean, S. F.",no,Motion of Censure,PRIME MINISTER,2000-02-15,REPS,Censure Motion,3,1,0
"Crosio, J. A.",no,Motion of Censure,PRIME MINISTER,2000-02-15,REPS,Censure Motion,3,1,0
"Danby, M.",no,Motion of Censure,PRIME MINISTER,2000-02-15,REPS,Censure Motion,3,1,0
"Edwards, G. J.",no,Motion of Censure,PRIME MINISTER,2000-02-15,REPS,Censure Motion,3,1,0
"Ellis, A. L.",no,Motion of Censure,PRIME MINISTER,2000-02-15,REPS,Censure Motion,3,1,0
"Emerson, C. A.",no,Motion of Censure,PRIME MINISTER,2000-02-15,REPS,Censure Motion,3,1,0
"Evans, M. J.",no,Motion of Censure,PRIME MINISTER,2000-02-15,REPS,Censure Motion,3,1,0
"Ferguson, L. D. T.",no,Motion of Censure,PRIME MINISTER,2000-02-15,REPS,Censure Motion,3,1,0
"Ferguson, M. J.",no,Motion of Censure,PRIME MINISTER,2000-02-15,REPS,Censure Motion,3,1,0
"Fitzgibbon, J. A.",no,Motion of Censure,PRIME MINISTER,2000-02-15,REPS,Censure Motion,3,1,0
"Gerick, J. F.",no,Motion of Censure,PRIME MINISTER,2000-02-15,REPS,Censure Motion,3,1,0
"Gibbons, S. W.",no,Motion of Censure,PRIME MINISTER,2000-02-15,REPS,Censure Motion,3,1,0
"Gillard, J. E.",no,Motion of Censure,PRIME MINISTER,2000-02-15,REPS,Censure Motion,3,1,0
"Griffin, A. P.",no,Motion of Censure,PRIME MINISTER,2000-02-15,REPS,Censure Motion,3,1,0
"Hall, J. G.",no,Motion of Censure,PRIME MINISTER,2000-02-15,REPS,Censure Motion,3,1,0
"Hatton, M. J.",no,Motion of Censure,PRIME MINISTER,2000-02-15,REPS,Censure Motion,3,1,0
"Hoare, K. J.",no,Motion of Censure,PRIME MINISTER,2000-02-15,REPS,Censure Motion,3,1,0
"Hollis, C.",no,Motion of Censure,PRIME MINISTER,2000-02-15,REPS,Censure Motion,3,1,0
"Horne, R.",no,Motion of Censure,PRIME MINISTER,2000-02-15,REPS,Censure Motion,3,1,0
"Irwin, J.",no,Motion of Censure,PRIME MINISTER,2000-02-15,REPS,Censure Motion,3,1,0
"Jenkins, H. A.",no,Motion of Censure,PRIME MINISTER,2000-02-15,REPS,Censure Motion,3,1,0
"Kernot, C.",no,Motion of Censure,PRIME MINISTER,2000-02-15,REPS,Censure Motion,3,1,0
"Kerr, D. J. C.",no,Motion of Censure,PRIME MINISTER,2000-02-15,REPS,Censure Motion,3,1,0
"Latham, M. W.",no,Motion of Censure,PRIME MINISTER,2000-02-15,REPS,Censure Motion,3,1,0
"Lawrence, C. M.",no,Motion of Censure,PRIME MINISTER,2000-02-15,REPS,Censure Motion,3,1,0
"Lee, M. J.",no,Motion of Censure,PRIME MINISTER,2000-02-15,REPS,Censure Motion,3,1,0
"Livermore, K. F.",no,Motion of Censure,PRIME MINISTER,2000-02-15,REPS,Censure Motion,3,1,0
"Macklin, J. L.",no,Motion of Censure,PRIME MINISTER,2000-02-15,REPS,Censure Motion,3,1,0
"Martin, S. P.",no,Motion of Censure,PRIME MINISTER,2000-02-15,REPS,Censure Motion,3,1,0
"McClelland, R. B.",no,Motion of Censure,PRIME MINISTER,2000-02-15,REPS,Censure Motion,3,1,0
"McFarlane, J. S.",no,Motion of Censure,PRIME MINISTER,2000-02-15,REPS,Censure Motion,3,1,0
"McLeay, L. B.",no,Motion of Censure,PRIME MINISTER,2000-02-15,REPS,Censure Motion,3,1,0
"McMullan, R. F.",no,Motion of Censure,PRIME MINISTER,2000-02-15,REPS,Censure Motion,3,1,0
"McMullan, R. F.",no,Motion of Censure,PRIME MINISTER,2000-02-15,REPS,Censure Motion,3,1,0
"Melham, D.",no,Motion of Censure,PRIME MINISTER,2000-02-15,REPS,Censure Motion,3,1,0
"Morris, A. A.",no,Motion of Censure,PRIME MINISTER,2000-02-15,REPS,Censure Motion,3,1,0
"Mossfield, F. W.",no,Motion of Censure,PRIME MINISTER,2000-02-15,REPS,Censure Motion,3,1,0
"Murphy, J. P.",no,Motion of Censure,PRIME MINISTER,2000-02-15,REPS,Censure Motion,3,1,0
"O'Byrne, M. A.",no,Motion of Censure,PRIME MINISTER,2000-02-15,REPS,Censure Motion,3,1,0
"O'Connor, G. M.",no,Motion of Censure,PRIME MINISTER,2000-02-15,REPS,Censure Motion,3,1,0
"O'Keefe, N. P.",no,Motion of Censure,PRIME MINISTER,2000-02-15,REPS,Censure Motion,3,1,0
"Plibersek, T.",no,Motion of Censure,PRIME MINISTER,2000-02-15,REPS,Censure Motion,3,1,0
"Price, L. R. S.",no,Motion of Censure,PRIME MINISTER,2000-02-15,REPS,Censure Motion,3,1,0
"Quick, H. V.",no,Motion of Censure,PRIME MINISTER,2000-02-15,REPS,Censure Motion,3,1,0
"Ripoll, B. F.",no,Motion of Censure,PRIME MINISTER,2000-02-15,REPS,Censure Motion,3,1,0
"Roxon, N. L.",no,Motion of Censure,PRIME MINISTER,2000-02-15,REPS,Censure Motion,3,1,0
"Rudd, K. M.",no,Motion of Censure,PRIME MINISTER,2000-02-15,REPS,Censure Motion,3,1,0
"Sawford, R. W *",no,Motion of Censure,PRIME MINISTER,2000-02-15,REPS,Censure Motion,3,1,0
"Sciacca, C. A.",no,Motion of Censure,PRIME MINISTER,2000-02-15,REPS,Censure Motion,3,1,0
"Sercombe, R. C. G *",no,Motion of Censure,PRIME MINISTER,2000-02-15,REPS,Censure Motion,3,1,0
"Sidebottom, P. S.",no,Motion of Censure,PRIME MINISTER,2000-02-15,REPS,Censure Motion,3,1,0
"Smith, S. F.",no,Motion of Censure,PRIME MINISTER,2000-02-15,REPS,Censure Motion,3,1,0
"Snowdon, W. E.",no,Motion of Censure,PRIME MINISTER,2000-02-15,REPS,Censure Motion,3,1,0
"Swan, W. M.",no,Motion of Censure,PRIME MINISTER,2000-02-15,REPS,Censure Motion,3,1,0
"Tanner, L.",no,Motion of Censure,PRIME MINISTER,2000-02-15,REPS,Censure Motion,3,1,0
"Thomson, K. J.",no,Motion of Censure,PRIME MINISTER,2000-02-15,REPS,Censure Motion,3,1,0
"Wilkie, K.",no,Motion of Censure,PRIME MINISTER,2000-02-15,REPS,Censure Motion,3,1,0
"Adams, D. G. H.",aye,Motion of Censure,PRIME MINISTER,2000-02-15,REPS,Censure Motion,3,1,1
"Albanese, A. N.",aye,Motion of Censure,PRIME MINISTER,2000-02-15,REPS,Censure Motion,3,1,1
"Andren, P. J.",aye,Motion of Censure,PRIME MINISTER,2000-02-15,REPS,Censure Motion,3,1,1
"Beazley, K. C.",aye,Motion of Censure,PRIME MINISTER,2000-02-15,REPS,Censure Motion,3,1,1
"Bevis, A. R.",aye,Motion of Censure,PRIME MINISTER,2000-02-15,REPS,Censure Motion,3,1,1
"Brereton, L. J.",aye,Motion of Censure,PRIME MINISTER,2000-02-15,REPS,Censure Motion,3,1,1
"Burke, A. E.",aye,Motion of Censure,PRIME MINISTER,2000-02-15,REPS,Censure Motion,3,1,1
"Cox, D. A.",aye,Motion of Censure,PRIME MINISTER,2000-02-15,REPS,Censure Motion,3,1,1
"Crean, S. F.",aye,Motion of Censure,PRIME MINISTER,2000-02-15,REPS,Censure Motion,3,1,1
"Crosio, J. A.",aye,Motion of Censure,PRIME MINISTER,2000-02-15,REPS,Censure Motion,3,1,1
"Danby, M.",aye,Motion of Censure,PRIME MINISTER,2000-02-15,REPS,Censure Motion,3,1,1
"Edwards, G. J.",aye,Motion of Censure,PRIME MINISTER,2000-02-15,REPS,Censure Motion,3,1,1
"Ellis, A. L.",aye,Motion of Censure,PRIME MINISTER,2000-02-15,REPS,Censure Motion,3,1,1
"Emerson, C. A.",aye,Motion of Censure,PRIME MINISTER,2000-02-15,REPS,Censure Motion,3,1,1
"Evans, M. J.",aye,Motion of Censure,PRIME MINISTER,2000-02-15,REPS,Censure Motion,3,1,1
"Ferguson, L. D. T.",aye,Motion of Censure,PRIME MINISTER,2000-02-15,REPS,Censure Motion,3,1,1
"Ferguson, M. J.",aye,Motion of Censure,PRIME MINISTER,2000-02-15,REPS,Censure Motion,3,1,1
"Fitzgibbon, J. A.",aye,Motion of Censure,PRIME MINISTER,2000-02-15,REPS,Censure Motion,3,1,1
"Gerick, J. F.",aye,Motion of Censure,PRIME MINISTER,2000-02-15,REPS,Censure Motion,3,1,1
"Gibbons, S. W.",aye,Motion of Censure,PRIME MINISTER,2000-02-15,REPS,Censure Motion,3,1,1
"Gillard, J. E.",aye,Motion of Censure,PRIME MINISTER,2000-02-15,REPS,Censure Motion,3,1,1
"Griffin, A. P.",aye,Motion of Censure,PRIME MINISTER,2000-02-15,REPS,Censure Motion,3,1,1
"Hall, J. G.",aye,Motion of Censure,PRIME MINISTER,2000-02-15,REPS,Censure Motion,3,1,1
"Hatton, M. J.",aye,Motion of Censure,PRIME MINISTER,2000-02-15,REPS,Censure Motion,3,1,1
"Hoare, K. J.",aye,Motion of Censure,PRIME MINISTER,2000-02-15,REPS,Censure Motion,3,1,1
"Hollis, C.",aye,Motion of Censure,PRIME MINISTER,2000-02-15,REPS,Censure Motion,3,1,1
"Horne, R.",aye,Motion of Censure,PRIME MINISTER,2000-02-15,REPS,Censure Motion,3,1,1
"Irwin, J.",aye,Motion of Censure,PRIME MINISTER,2000-02-15,REPS,Censure Motion,3,1,1
"Jenkins, H. A.",aye,Motion of Censure,PRIME MINISTER,2000-02-15,REPS,Censure Motion,3,1,1
"Kernot, C.",aye,Motion of Censure,PRIME MINISTER,2000-02-15,REPS,Censure Motion,3,1,1
"Kerr, D. J. C.",aye,Motion of Censure,PRIME MINISTER,2000-02-15,REPS,Censure Motion,3,1,1
"Latham, M. W.",aye,Motion of Censure,PRIME MINISTER,2000-02-15,REPS,Censure Motion,3,1,1
"Lawrence, C. M.",aye,Motion of Censure,PRIME MINISTER,2000-02-15,REPS,Censure Motion,3,1,1
"Lee, M. J.",aye,Motion of Censure,PRIME MINISTER,2000-02-15,REPS,Censure Motion,3,1,1
"Livermore, K. F.",aye,Motion of Censure,PRIME MINISTER,2000-02-15,REPS,Censure Motion,3,1,1
"Macklin, J. L.",aye,Motion of Censure,PRIME MINISTER,2000-02-15,REPS,Censure Motion,3,1,1
"Martin, S. P.",aye,Motion of Censure,PRIME MINISTER,2000-02-15,REPS,Censure Motion,3,1,1
"McClelland, R. B.",aye,Motion of Censure,PRIME MINISTER,2000-02-15,REPS,Censure Motion,3,1,1
"McFarlane, J. S.",aye,Motion of Censure,PRIME MINISTER,2000-02-15,REPS,Censure Motion,3,1,1
"McLeay, L. B.",aye,Motion of Censure,PRIME MINISTER,2000-02-15,REPS,Censure Motion,3,1,1
"McMullan, R. F.",aye,Motion of Censure,PRIME MINISTER,2000-02-15,REPS,Censure Motion,3,1,1
"Melham, D.",aye,Motion of Censure,PRIME MINISTER,2000-02-15,REPS,Censure Motion,3,1,1
"Morris, A. A.",aye,Motion of Censure,PRIME MINISTER,2000-02-15,REPS,Censure Motion,3,1,1
"Mossfield, F. W.",aye,Motion of Censure,PRIME MINISTER,2000-02-15,REPS,Censure Motion,3,1,1
"Murphy, J. P.",aye,Motion of Censure,PRIME MINISTER,2000-02-15,REPS,Censure Motion,3,1,1
"O'Byrne, M. A.",aye,Motion of Censure,PRIME MINISTER,2000-02-15,REPS,Censure Motion,3,1,1
"O'Connor, G. M.",aye,Motion of Censure,PRIME MINISTER,2000-02-15,REPS,Censure Motion,3,1,1
"O'Keefe, N. P.",aye,Motion of Censure,PRIME MINISTER,2000-02-15,REPS,Censure Motion,3,1,1
"Plibersek, T.",aye,Motion of Censure,PRIME MINISTER,2000-02-15,REPS,Censure Motion,3,1,1
"Price, L. R. S.",aye,Motion of Censure,PRIME MINISTER,2000-02-15,REPS,Censure Motion,3,1,1
"Quick, H. V.",aye,Motion of Censure,PRIME MINISTER,2000-02-15,REPS,Censure Motion,3,1,1
"Ripoll, B. F.",aye,Motion of Censure,PRIME MINISTER,2000-02-15,REPS,Censure Motion,3,1,1
"Roxon, N. L.",aye,Motion of Censure,PRIME MINISTER,2000-02-15,REPS,Censure Motion,3,1,1
"Rudd, K. M.",aye,Motion of Censure,PRIME MINISTER,2000-02-15,REPS,Censure Motion,3,1,1
"Sawford, R. W *",aye,Motion of Censure,PRIME MINISTER,2000-02-15,REPS,Censure Motion,3,1,1
"Sciacca, C. A.",aye,Motion of Censure,PRIME MINISTER,2000-02-15,REPS,Censure Motion,3,1,1
"Sercombe, R. C. G *",aye,Motion of Censure,PRIME MINISTER,2000-02-15,REPS,Censure Motion,3,1,1
"Sidebottom, P. S.",aye,Motion of Censure,PRIME MINISTER,2000-02-15,REPS,Censure Motion,3,1,1
"Smith, S. F.",aye,Motion of Censure,PRIME MINISTER,2000-02-15,REPS,Censure Motion,3,1,1
"Snowdon, W. E.",aye,Motion of Censure,PRIME MINISTER,2000-02-15,REPS,Censure Motion,3,1,1
"Swan, W. M.",aye,Motion of Censure,PRIME MINISTER,2000-02-15,REPS,Censure Motion,3,1,1
"Tanner, L.",aye,Motion of Censure,PRIME MINISTER,2000-02-15,REPS,Censure Motion,3,1,1
"Thomson, K. J.",aye,Motion of Censure,PRIME MINISTER,2000-02-15,REPS,Censure Motion,3,1,1
"Wilkie, K.",aye,Motion of Censure,PRIME MINISTER,2000-02-15,REPS,Censure Motion,3,1,1
"Abbott, A. J.",no,Motion of Censure,PRIME MINISTER,2000-02-15,REPS,Censure Motion,3,1,1
"Anderson, J. D.",no,Motion of Censure,PRIME MINISTER,2000-02-15,REPS,Censure Motion,3,1,1
"Andrews, K. J.",no,Motion of Censure,PRIME MINISTER,2000-02-15,REPS,Censure Motion,3,1,1
"Anthony, L. J.",no,Motion of Censure,PRIME MINISTER,2000-02-15,REPS,Censure Motion,3,1,1
"Bailey, F. E.",no,Motion of Censure,PRIME MINISTER,2000-02-15,REPS,Censure Motion,3,1,1
"Baird, B. G.",no,Motion of Censure,PRIME MINISTER,2000-02-15,REPS,Censure Motion,3,1,1
"Barresi, P. A.",no,Motion of Censure,PRIME MINISTER,2000-02-15,REPS,Censure Motion,3,1,1
"Bartlett, K. J.",no,Motion of Censure,PRIME MINISTER,2000-02-15,REPS,Censure Motion,3,1,1
"Billson, B. F.",no,Motion of Censure,PRIME MINISTER,2000-02-15,REPS,Censure Motion,3,1,1
"Bishop, B. K.",no,Motion of Censure,PRIME MINISTER,2000-02-15,REPS,Censure Motion,3,1,1
"Bishop, J. I.",no,Motion of Censure,PRIME MINISTER,2000-02-15,REPS,Censure Motion,3,1,1
"Brough, M. T.",no,Motion of Censure,PRIME MINISTER,2000-02-15,REPS,Censure Motion,3,1,1
"Cadman, A. G.",no,Motion of Censure,PRIME MINISTER,2000-02-15,REPS,Censure Motion,3,1,1
"Cameron, R. A.",no,Motion of Censure,PRIME MINISTER,2000-02-15,REPS,Censure Motion,3,1,1
"Causley, I. R.",no,Motion of Censure,PRIME MINISTER,2000-02-15,REPS,Censure Motion,3,1,1
"Charles, R. E.",no,Motion of Censure,PRIME MINISTER,2000-02-15,REPS,Censure Motion,3,1,1
"Costello, P. H.",no,Motion of Censure,PRIME MINISTER,2000-02-15,REPS,Censure Motion,3,1,1
"Downer, A. J. G.",no,Motion of Censure,PRIME MINISTER,2000-02-15,REPS,Censure Motion,3,1,1
"Draper, P.",no,Motion of Censure,PRIME MINISTER,2000-02-15,REPS,Censure Motion,3,1,1
"Elson, K. S.",no,Motion of Censure,PRIME MINISTER,2000-02-15,REPS,Censure Motion,3,1,1
"Entsch, W. G.",no,Motion of Censure,PRIME MINISTER,2000-02-15,REPS,Censure Motion,3,1,1
"Fahey, J. J.",no,Motion of Censure,PRIME MINISTER,2000-02-15,REPS,Censure Motion,3,1,1
"Fischer, T. A.",no,Motion of Censure,PRIME MINISTER,2000-02-15,REPS,Censure Motion,3,1,1
"Forrest, J. A *",no,Motion of Censure,PRIME MINISTER,2000-02-15,REPS,Censure Motion,3,1,1
"Gallus, C. A.",no,Motion of Censure,PRIME MINISTER,2000-02-15,REPS,Censure Motion,3,1,1
"Gambaro, T.",no,Motion of Censure,PRIME MINISTER,2000-02-15,REPS,Censure Motion,3,1,1
"Gash, J.",no,Motion of Censure,PRIME MINISTER,2000-02-15,REPS,Censure Motion,3,1,1
"Georgiou, P.",no,Motion of Censure,PRIME MINISTER,2000-02-15,REPS,Censure Motion,3,1,1
"Haase, B. W.",no,Motion of Censure,PRIME MINISTER,2000-02-15,REPS,Censure Motion,3,1,1
"Hardgrave, G. D.",no,Motion of Censure,PRIME MINISTER,2000-02-15,REPS,Censure Motion,3,1,1
"Hawker, D. P. M.",no,Motion of Censure,PRIME MINISTER,2000-02-15,REPS,Censure Motion,3,1,1
"Hockey, J. B.",no,Motion of Censure,PRIME MINISTER,2000-02-15,REPS,Censure Motion,3,1,1
"Howard, J. W.",no,Motion of Censure,PRIME MINISTER,2000-02-15,REPS,Censure Motion,3,1,1
"Hull, K. E.",no,Motion of Censure,PRIME MINISTER,2000-02-15,REPS,Censure Motion,3,1,1
"Jull, D. F.",no,Motion of Censure,PRIME MINISTER,2000-02-15,REPS,Censure Motion,3,1,1
"Katter, R. C.",no,Motion of Censure,PRIME MINISTER,2000-02-15,REPS,Censure Motion,3,1,1
"Kelly, D. M.",no,Motion of Censure,PRIME MINISTER,2000-02-15,REPS,Censure Motion,3,1,1
"Kemp, D. A.",no,Motion of Censure,PRIME MINISTER,2000-02-15,REPS,Censure Motion,3,1,1
"Lawler, A. J.",no,Motion of Censure,PRIME MINISTER,2000-02-15,REPS,Censure Motion,3,1,1
"Lieberman, L. S.",no,Motion of Censure,PRIME MINISTER,2000-02-15,REPS,Censure Motion,3,1,1
"Lindsay, P. J.",no,Motion of Censure,PRIME MINISTER,2000-02-15,REPS,Censure Motion,3,1,1
"Lloyd, J. E.",no,Motion of Censure,PRIME MINISTER,2000-02-15,REPS,Censure Motion,3,1,1
"Macfarlane, I. E.",no,Motion of Censure,PRIME MINISTER,2000-02-15,REPS,Censure Motion,3,1,1
"May, M. A.",no,Motion of Censure,PRIME MINISTER,2000-02-15,REPS,Censure Motion,3,1,1
"McArthur, S *",no,Motion of Censure,PRIME MINISTER,2000-02-15,REPS,Censure Motion,3,1,1
"McGauran, P. J.",no,Motion of Censure,PRIME MINISTER,2000-02-15,REPS,Censure Motion,3,1,1
"Moore, J. C.",no,Motion of Censure,PRIME MINISTER,2000-02-15,REPS,Censure Motion,3,1,1
"Moylan, J. E.",no,Motion of Censure,PRIME MINISTER,2000-02-15,REPS,Censure Motion,3,1,1
"Nairn, G. R.",no,Motion of Censure,PRIME MINISTER,2000-02-15,REPS,Censure Motion,3,1,1
"Nehl, G. B.",no,Motion of Censure,PRIME MINISTER,2000-02-15,REPS,Censure Motion,3,1,1
"Nelson, B. J.",no,Motion of Censure,PRIME MINISTER,2000-02-15,REPS,Censure Motion,3,1,1
"Neville, P. C.",no,Motion of Censure,PRIME MINISTER,2000-02-15,REPS,Censure Motion,3,1,1
"Nugent, P. E.",no,Motion of Censure,PRIME MINISTER,2000-02-15,REPS,Censure Motion,3,1,1
"Prosser, G. D.",no,Motion of Censure,PRIME MINISTER,2000-02-15,REPS,Censure Motion,3,1,1
"Pyne, C.",no,Motion of Censure,PRIME MINISTER,2000-02-15,REPS,Censure Motion,3,1,1
"Reith, P. K.",no,Motion of Censure,PRIME MINISTER,2000-02-15,REPS,Censure Motion,3,1,1
"Ronaldson, M. J. C.",no,Motion of Censure,PRIME MINISTER,2000-02-15,REPS,Censure Motion,3,1,1
"Ruddock, P. M.",no,Motion of Censure,PRIME MINISTER,2000-02-15,REPS,Censure Motion,3,1,1
"Schultz, A.",no,Motion of Censure,PRIME MINISTER,2000-02-15,REPS,Censure Motion,3,1,1
"Scott, B. C.",no,Motion of Censure,PRIME MINISTER,2000-02-15,REPS,Censure Motion,3,1,1
"Secker, P. D.",no,Motion of Censure,PRIME MINISTER,2000-02-15,REPS,Censure Motion,3,1,1
"Slipper, P. N.",no,Motion of Censure,PRIME MINISTER,2000-02-15,REPS,Censure Motion,3,1,1
"Somlyay, A. M.",no,Motion of Censure,PRIME MINISTER,2000-02-15,REPS,Censure Motion,3,1,1
"Southcott, A. J.",no,Motion of Censure,PRIME MINISTER,2000-02-15,REPS,Censure Motion,3,1,1
"St Clair, S. R.",no,Motion of Censure,PRIME MINISTER,2000-02-15,REPS,Censure Motion,3,1,1
"Stone, S. N.",no,Motion of Censure,PRIME MINISTER,2000-02-15,REPS,Censure Motion,3,1,1
"Sullivan, K. J. M.",no,Motion of Censure,PRIME MINISTER,2000-02-15,REPS,Censure Motion,3,1,1
"Thompson, C. P.",no,Motion of Censure,PRIME MINISTER,2000-02-15,REPS,Censure Motion,3,1,1
"Thomson, A. P.",no,Motion of Censure,PRIME MINISTER,2000-02-15,REPS,Censure Motion,3,1,1
"Truss, W. E.",no,Motion of Censure,PRIME MINISTER,2000-02-15,REPS,Censure Motion,3,1,1
"Tuckey, C. W.",no,Motion of Censure,PRIME MINISTER,2000-02-15,REPS,Censure Motion,3,1,1
"Vaile, M. A. J.",no,Motion of Censure,PRIME MINISTER,2000-02-15,REPS,Censure Motion,3,1,1
"Vale, D. S.",no,Motion of Censure,PRIME MINISTER,2000-02-15,REPS,Censure Motion,3,1,1
"Wakelin, B. H.",no,Motion of Censure,PRIME MINISTER,2000-02-15,REPS,Censure Motion,3,1,1
"Washer, M. J.",no,Motion of Censure,PRIME MINISTER,2000-02-15,REPS,Censure Motion,3,1,1
"Williams, D. R.",no,Motion of Censure,PRIME MINISTER,2000-02-15,REPS,Censure Motion,3,1,1
